C(x, y1, y2)                                      
0.6983184407     -0.1240046068    -0.1311582524    0.01233786745    -0.2122319238    0.01221642402    -0.05031827128   -0.007707260487  0.01695380715    0.01807008132    0.01181375621    0.03097358634   
-0.1188743578    0.5046132037     -0.05650860989   -0.05578350538   0.01910703258    0.02122577376    -0.03654835306   0.01452679522    0.03574990981    -0.04638114552   -0.009010422044  0.05623906129   
-0.1059080634    -0.08466989788   0.5136404839     -0.1958391341    -0.132819462     -0.01175616904   0.0144771048     -0.01650691867   -0.01961140747   0.0427503762     0.0082489773     -0.03440520538  
0.7646484957     -0.1783557775    -0.1263042944    -0.01011398467   -0.2638105931    0.001290601074   -0.008111232538  -0.002274773412  0.02135923647    -0.00297587887   -0.0122497672    -0.01396978269  
-0.1691473809    0.4925648521     -0.06975874501   -0.04316167364   0.01477150592    -0.02037841065   0.01440634279    0.03576797287    -0.01627890685   -0.00402099239   -0.0141448507    -0.006330013142 
-0.1574095099    -0.06254108044   0.5234110092     -0.1930585955    -0.1188729999    -0.02785170748   0.004883517978   0.006977820081   -0.01559974074   0.0453321026     0.01256434503    -0.07139940098  
0.6976523911     -0.1494815928    -0.1329048072    -0.03394127582   -0.2089077949    0.01500471833    0.05017932968    -0.02303699781   -0.02373161269   0.0601764039     -0.01530189788   -0.0680431117   
-0.2031304625    0.4953765065     -0.05189506491   -0.01783749554   0.02696023095    -0.04089394916   -0.02222478465   -0.002388123841  0.04317284864    -0.05538537231   0.004975813212   0.0165485009    
-0.1568955016    -0.04355144744   0.5353691565     -0.2054152786    -0.11906361      -0.009050851875  0.01697545902    -0.0008785593225 -0.01915927918   0.03114365445    0.01390224818    -0.03176807082  
0.7820397509     -0.1803023194    -0.1090810646    -0.004330545427  -0.2171370421    -0.06197752342   -0.01512900595   0.03207797257    -0.03467878626   0.07386504124    -0.01604523169   0.05431446245   
-0.1258797264    0.4447984425     -0.05852091112   -0.05282568574   0.008591861013   0.009003423273   -0.01511001764   0.0060083559     -0.01258772901   -0.03834016351   0.02921525425    0.04006075858   
-0.1251603617    -0.05585650074   0.5310199055     -0.1828602247    -0.1312085075    -0.07584418148   -0.0145729534    0.04516950601    0.01226524574    0.0003599289116  0.006666969661   0.00787106242   
0.7074744853     -0.1109999187    -0.09698464573   -0.05952782483   -0.2080124323    0.008101344779   0.0006778971643  0.05037922741    0.008963463695   -0.09225513589   -0.005508800412  -0.007150262327 
-0.1207225348    0.5219685742     -0.08133372347   -0.04918837608   0.02393391143    -0.04013531343   0.02548033037    0.03036407724    0.02803514978    -0.04837839246   -0.001288229769  -0.02996512478  
-0.1262154874    -0.0506141858    0.5646829403     -0.1982864611    -0.1516768163    -0.05250715821   0.0300520875     0.02138418722    0.001061921315   -0.009976435062  -0.007391770786  -0.01515650054  
0.6944038539     -0.07914681995   -0.1737504331    -0.05362626139   -0.1949990554    0.06932008264    -0.04677682484   -0.00792447063   -0.007516657088  -0.008969136431  0.02788431711    0.02114377377   
-0.1359628169    0.4752339809     -0.08586202539   -0.01940829966   0.03199818138    -0.03313753294   -0.01985699027   0.01185826359    0.04271299319    -0.02905638683   -0.01034826609   0.009974070919  
-0.09788082871   -0.09811489929   0.5387745886     -0.2019812711    -0.1578016701    -0.01512654889   -0.003819881391  0.009268880239   0.03033576678    -0.02102589128   0.003370751486   0.007362649963  
0.672407683      -0.195271739     -0.1502901989    -0.007072897201  -0.2322556745    0.02164938513    -0.03395324447   -0.004259550891  -0.01670642574   -0.01288647004   0.02117429983    0.01734596627   
-0.1391710528    0.5182959339     -0.0999455934    -0.02240118192   0.01650774108    -0.02485244254   0.01131040064    0.03122071889    -0.05069634163   0.001980903391   0.006225994204   0.03155028252   
-0.09101423953   -0.08722313292   0.5447574626     -0.2148490546    -0.1222246651    -0.03400637504   0.003907627613   0.03752183511    -0.02934114567   0.01043352677    -0.0008803244927 0.01725621097   
0.7077812136     -0.1541351659    -0.06253668067   -0.0483434631    -0.1858433485    -0.06615872725   0.1132820864     -0.02664312085   0.004389375461   -0.03340252477   -0.03161780664   -0.01232862856  
-0.1588096079    0.5276470404     -0.05178641194   -0.05330246692   0.03855334677    -0.002751988794  0.003425431713   0.008290066734   -0.009638104594  0.04703614247    -0.003050843906  -0.01488488087  
-0.1225263847    -0.07303994064   0.5284011927     -0.1782715401    -0.1202150627    -0.05214586851   0.01699346215    0.01032064684    0.004532983806   -0.02983203361   0.02449692756    -0.008577058631 
-0.03875286139   -0.02724339612   -0.1720282816    0.6955891757     -0.1067454565    -0.1319354571    0.018830031      -0.1915141924    -0.01777450975   -0.08963733751   -0.01049906757   0.0722111805    
-0.2310743881    -0.01389416204   -0.11235075      -0.05817445332   0.4631141477     -0.03747244428   -0.04067121795   0.007177707984   -0.0167607932    -0.04719577176   0.0309756774     0.01884789438   
0.008132064943   -0.04293087068   0.004724725314   -0.1189933564    -0.05845803866   0.5957690939     -0.2201474336    -0.1433471307    -0.02669085741   0.01061825261    0.002785480856   -0.01078846938  
0.01929331461    -0.04665090818   -0.2196085621    0.6981311107     -0.07157505579   -0.123887365     -0.05799842059   -0.1899462318    0.04406837044    0.02226015008    -0.03143118843   0.008332095829  
-0.2434952586    0.07575789518    -0.1340576561    -0.1300652826    0.4820580554     -0.03154308524   -0.04983721123   0.02846249027    -0.007280986043  -0.00806975162   0.01199608272    0.01593162546   
0.0465787049     -0.03643279032   -0.0689036048    -0.1150985878    -0.03769323782   0.5579463564     -0.1957750177    -0.1174307769    -0.01877443001   -0.02347545499   0.02092857914    0.01491002116   
0.006384538711   -0.004283426619  -0.1970626502    0.6282016856     -0.0536113547    -0.1049574706    -0.009768235515  -0.1797361941    -0.01045790953   0.001852194111   -0.004476110864  -0.06045489946  
-0.2311227303    0.001273148681   -0.1253095319    -0.0502598193    0.4534834984     -0.03204664816   -0.0316023192    -0.0230094314    -0.01776767221   -0.02181011822   0.0320153705     0.03015117154   
-0.01390858209   0.02754441913    -0.05276816307   -0.1009444202    -0.05463459825   0.5759870477     -0.2078972587    -0.1425977733    -0.00222048928   -0.04789866492   0.03923369425    -0.006897095267 
-0.003240046136  -0.05157025978   -0.1934094991    0.6906367615     -0.09268247654   -0.0453786886    -0.06975004237   -0.1990768557    -0.03394188412   -0.008185274011  0.01076807111    0.01365646581   
-0.2336192247    -0.007311493593  -0.1354960247    -0.08996937385   0.489427688      -0.02272930673   -0.01083720815   -0.01693940985   -0.03628274939   0.0294856845     0.009210030655   -0.01718684176  
0.0001682056268  -0.02593428749   -0.0214022068    -0.1034544734    -0.05111586434   0.5827404912     -0.2243876108    -0.1314605344    -0.01944755675   -0.007358848629  0.005288242667   0.007794961529  
-0.02488087053   -0.02412742041   -0.1835142217    0.7028816738     -0.1100006369    -0.1328071592    0.00989097417    -0.2126791714    -0.01438628685   0.05855369104    -0.0327177473    0.02241708024   
-0.2039174089    0.01503057146    -0.1323673275    -0.05624628564   0.4619277385     -0.08929421013   0.02936072508    -0.002696078899  -0.03900166632   -0.007658670451  0.02424465826    -0.009405682413 
-0.03368685449   -0.008907042439  0.001179455994   -0.1068192742    -0.07417761235   0.5763394629     -0.1983039082    -0.1440831644    -0.03147712336   -0.007072638209  0.04182274773    -0.01216008323  
-0.0646201357    -0.05228239096   -0.1842087288    0.7266122483     -0.07289678263   -0.07870460357   -0.03335595542   -0.2651472245    0.008136911385   0.05959010002    -0.00439385498   -0.0443103762   
-0.1551683327    0.01278620083    -0.143864108     -0.07850179826   0.4587294988     -0.04936279747   -0.04491694146   0.02744298062    0.007821887564   -0.003622425602  -0.005059789065  -0.01061286588  
0.0163231414     -0.006350285519  -0.04810601646   -0.06000184202   -0.0673935649    0.5840262806     -0.2708961974    -0.1575782636    0.001568320524   -0.01726830601   0.04513297303    -0.01669517301  
-0.05492045359   -0.08385489071   -0.2342742705    0.6744727864     -0.06657403759   -0.05555869128   -0.03553305225   -0.2163108677    -0.02103166016   0.01748155329    0.01435944789    0.007994228661  
-0.2314660267    0.08033254609    -0.1253065377    -0.08995532038   0.4871339269     -0.07645178679   -0.02076869605   0.01573556716    0.02161589165    0.0003821276309  -0.02161542758   0.01144551693   
-0.0172149674    -0.03314687064   -0.03820630303   -0.08069872502   -0.03696428199   0.5579401248     -0.2633302677    -0.1132584896    -0.02992828686   -0.002478698574  0.03399597452    0.01859192815   
-0.04388187096   -0.0238959921    -0.1864553459    0.6493306904     -0.0693454537    -0.1121090633    -0.06348751787   -0.1690267293    0.0338860256     -0.0495382488    -0.002408340807  0.04033632555   
-0.1933344945    0.01644910451    -0.1451308577    -0.09025892105   0.4578560578     -0.05541940046   0.005690581872   0.02684656524    -0.02704204576   0.00430263975    0.003017569413   -0.02000104241  
-0.006945407581  -0.005762712511  -0.05480674766   -0.09932781954   -0.01388248094   0.5605078319     -0.2028465085    -0.1519280416    -0.008352973421  0.02553464334    0.003031570706   -0.02147195939  
-0.01303453664   -0.003886667574  -0.01337889936   -0.02090563359   -0.01695496787   -0.2441198472    0.7171842238     -0.04828895262   -0.1457762327    0.06403156548    -0.23251751      -0.06216925733  
-0.01304245122   0.04005696567    0.02602574816    -0.2355818424    0.0195463618     -0.1410134463    -0.1004436091    0.4898113231     -0.06275341529   -0.008035862025  0.01055043336    -0.01717191901  
-0.009871329387  0.001429528204   -0.00320307984   0.01376572147    -0.02242734759   -0.0159373177    -0.1305289023    -0.08839206553   0.5410977173     -0.1955915954    -0.1025613606    -0.01884540486  
-0.05159129432   0.04325412206    0.06119180989    -0.04314633415   -0.002219383338  -0.2435979334    0.6830687359     -0.07530920071   -0.0921955321    -0.01669277077   -0.2343951199    0.005287114258  
0.02321093783    -0.03782696547   0.009495999566   -0.1906223678    -0.0101115784    -0.1064558005    -0.07695880663   0.4474002171     -0.07058877583   -0.03751171848   -0.004762432807  0.01217953669   
0.004260319602   0.01171067219    -0.007351813725  -0.01459709349   0.001439779613   -0.03746629619   -0.09649407147   -0.05621167357   0.5267034697     -0.2136357663    -0.1165147344    0.003323636529  
0.002503695241   -0.01847517899   0.0108739866     -0.02059367533   -0.05778022424   -0.2015371253    0.6781532803     -0.1054361444    -0.05548848358   -0.01247755555   -0.2305246273    0.03137905321   
-0.007871416039  0.001564797463   0.01384767105    -0.1717683772    0.01222311112    -0.1543303792    -0.08289214739   0.4778341581     -0.05899889548   -0.04584479215   0.01810789797    0.01879975325   
-0.01771835726   0.025852803      -0.008209874727  0.0300076167     -0.01218958887   -0.01018675664   -0.09130146507   -0.1064358703    0.5721235903     -0.1707515715    -0.1560169914    -0.02213829593  
-0.008763559052  -0.01916173389   0.02174526424    -0.05303092729   -0.006804471626  -0.2738930703    0.7347059762     -0.06685991241   -0.1085525387    -0.04064299508   -0.2174204217    0.005992453106  
0.003231232041   0.03221646992    -0.009955921174  -0.2087013394    0.0271227488     -0.1609072893    -0.06487302063   0.4914486735     -0.06203743959   -0.02292211426   0.00402700905    -0.04156897965  
-0.01155828873   0.003117920894   -0.01439116444   0.02117918502    -0.01404644408   -0.0119955988    -0.09319391138   -0.09388720822   0.5643426817     -0.1763057555    -0.1454478447    -0.04398531754  
0.02977738117    -0.0430682129    -0.02981143252   -0.04120112594   0.03148456118    -0.1508659396    0.6925951399     -0.1118239267    -0.1373640536    -0.023534404     -0.218331547     0.02271781947   
0.01441840835    0.01814744294    0.00217740868    -0.1953285938    0.01061866753    -0.1451545337    -0.0929828463    0.4868498655     -0.07546813721   -0.02934973272   0.02027697008    -0.00354652075  
-0.003977228801  -0.0172241522    0.0009799843157  -0.001307267473  -0.01071623194   -0.01518071287   -0.1055825718    -0.05316369671   0.5399575276     -0.2007997959    -0.1348425425    -0.03530908655  
0.009005555878   0.0005416647541  0.006179013477   -0.05780107016   0.003320312155   -0.2360383538    0.7763426732     -0.08987127622   -0.1015736417    -0.04963779726   -0.2425929873    -0.0007826859384
0.007993252223   0.03300816324    0.02541931847    -0.207015504     -0.01122062864   -0.1690683641    -0.08818548891   0.5097357111     -0.05368097085   -0.0289891394    0.0005486479419  -0.004579232186 
-0.02414407616   0.03420508609    -0.007547805933  0.007507291929   -0.01988660693   -0.009666801551  -0.1571272104    -0.0414330298    0.5530958007     -0.1639195813    -0.1300104222    -0.04770259828  
0.086561297      -0.02012004367   0.02076591752    -0.053517862     -0.06317888968   -0.216608695     0.7511833027     -0.05841160611   -0.1295860304    -0.002018451684  -0.2452222393    -0.02256965379  
-0.005432978709  0.02995110544    0.01117956669    -0.2142236742    0.02182766294    -0.1401087436    -0.06529682883   0.4596855514     -0.07345159767   -0.006840846414  0.01007501487    -0.02389155648  
-0.02634700334   0.003659110021   0.01370073987    -0.008970099033  -0.003848002494  -0.01826047465   -0.1100656824    -0.06030362605   0.5420208815     -0.2002143944    -0.1291820498    -0.009310597047 
-0.04460780515   0.0217984101     -0.008669235562  0.04902440961    -0.05144922367   -0.2169232379    0.710242469      -0.1248304165    -0.1107344495    0.01704359527    -0.2252724496    -0.01091440652  
-0.01189595858   0.0185301474     0.03506760608    -0.2001957683    -0.006985954018  -0.0846456177    -0.1091986879    0.4381055504     -0.06710740037   -0.01570011639   0.04675214914    -0.02411241317  
0.05838836508    -0.002281148872  -0.009492640945  -0.05908629809   -0.03302369141   -0.01662943817   -0.09697714737   -0.02425946208   0.5237562447     -0.209925172     -0.110510722     0.006502542762  
0.03880269167    -0.01876931368   0.00271589647    -0.04262632795   -0.007978622478  0.01643813091    0.01734323542    -0.02781180577   -0.1750913268    0.790075959      -0.1808056612    -0.2805601783   
0.02117304245    -0.02884273829   0.01236769389    -0.009634699147  0.0005350784263  0.03871718718    -0.2441641517    -0.0002434959981 -0.110667313     -0.130825506     0.4724428877     -0.03574803099  
-0.01363372396   -0.006801354803  -0.03891081066   -0.001140388272  0.02968519228    0.01781527182    -0.003920941806  -0.02868226111   -0.01543595086   -0.1833431467    -0.0387055985    0.4076868015    
-0.007373709119  -0.01541912742   -0.007723866995  0.04288939784    -0.02517595361   -0.001316109015  -0.0526967836    -0.01358960207   -0.1956544828    0.7432952143     -0.1210364315    -0.2579602772   
0.00784324834    -0.001302938193  -0.01293246644   0.01176869442    0.003469810137   0.005586899932   -0.2048795101    0.03156105468    -0.1519232219    -0.1483158772    0.4573226766     -0.02843703173  
-0.01553818843   0.04262763539    -0.01340020148   0.005719556848   -0.00482308362   0.0006181501309  -0.01301870156   -0.02490928298   -0.01576611522   -0.2371577554    -0.003768989998  0.4352408967    
-0.01680060217   -0.06683351563   0.01294494412    0.005909113885   0.003020046421   -0.007035891239  -0.01150398877   0.0005627454067  -0.2300428932    0.7488743335     -0.1506453186    -0.2321203023   
-0.008110283357  -0.008634269045  0.04188628843    -0.05266664347   0.02618575744    0.02797832742    -0.2228774937    0.04177938078    -0.1564468223    -0.1281742333    0.4667745798     -0.03444123752  
-0.002773434361  0.03744922159    -0.02515365009   0.03849642187    -0.009649588409  -0.02122122398   0.004190471496   0.01173797405    -0.02463980415   -0.2742186504    -0.03320820671   0.4550045985    
0.02386330389    0.03961824777    0.004020013873   -0.009802000378  -0.01257834531   -0.04512003799   0.00212559193    -0.01904877537   -0.2030002644    0.7364941382     -0.1056067789    -0.2365678609   
0.02046029939    0.04359607259    -0.01432412423   0.006007301741   -0.01433853929   0.023966275      -0.2550875731    0.01907368957    -0.09857592124   -0.1220287114    0.4708619552     -0.03239582892  
0.009605200361   0.01203622036    -0.007500377458  -0.02739394025   -0.011980486     -0.01251575753   0.0161472044     0.001074827716   -0.03807801814   -0.2407746265    -0.01624737072   0.4531201002    
-0.008159803451  -0.06234769464   0.03804773751    -0.02320609489   -0.007829199727  -0.01467546098   -0.00591691431   -0.0517822807    -0.1759737403    0.6993213081     -0.1031469408    -0.2351568985   
-0.07009720573   -0.006032167409  0.03801209807    -0.02202663658   0.02426443963    0.03181588523    -0.2361878295    -0.0007645997919 -0.1367535901    -0.130090117     0.4716869802     -0.02654408692  
0.004898719651   -0.01827419303   -0.005981794443  -0.003569013343  0.02206983753    0.01443109763    0.01328543451    -0.01901163238   -0.03892229229   -0.2622320675    -0.01891659189   0.4377789767    
-0.003726569015  -0.02254394523   -0.02137332979   0.03678958452    -0.004889908029  -0.0153754029    -0.004295713146  -0.0474609261    -0.1655099673    0.7677631063     -0.1662870374    -0.2605113069   
0.01303846139    -0.01078311402   -0.02894833227   0.02171263581    0.001217426239   0.02021919354    -0.2191494469    0.006707045261   -0.1433544568    -0.1110989003    0.4430773132     0.02111082956   
0.02429786163    0.03052261598    -0.03033682297   0.03018107869    -0.001803071468  -0.01534533003   -0.01534351262   -0.005878216169  0.01087099462    -0.2922388934    -0.01878185078   0.4465526779    
-0.03101799176   0.007925506649   0.01517766894    -0.01085011697   0.007479110525   -0.01057859281   -0.02557432362   -0.007080347997  -0.2065798701    0.7075965232     -0.09600661498   -0.2375147342   
-0.009882672934  -0.009316579316  0.002380056533   -0.02084820516   0.02943319185    0.02640866257    -0.2673957947    0.01743343972    -0.1037437693    -0.1580524478    0.4881067856     -0.02671202446  
0.0165837051     -0.007454632945  -0.005072092098  -0.002975936702  0.00556172137    -0.007186794153  -0.02532072995   -0.01192871197   -0.00350434558   -0.2821794597    0.002856430687   0.4646243556    
0.006035060414   -0.03417556498   0.02537616486    0.01327327217    -0.006233413568  0.008263648646   0.0165900825     -0.02898332923   -0.1792910875    0.7189299139     -0.1694260393    -0.2631022718   
0.005723979774   0.02389018284    0.02253690997    0.00488876143    0.01401700786    0.01752683204    -0.1965351027    -0.009970824619  -0.123621573     -0.1643750298    0.4506477912     0.007362596158  
-0.001154136445  0.01308714287    -0.002460563809  0.02086432209    -0.009890745817  -0.003311283324  -0.00707878801   -0.006294028455  -0.04198958929   -0.2313492305    -0.02903263692   0.4100951093    
